*******************************************************************************************
* reactIDR: Statistical reproducibility evaluation of                                     *
*           high-throughput structure analyses for robust RNA reactivity classification   *
*                                                              @carushi 2025.04.08.v2.0   *
*******************************************************************************************

Namespace(argv_file=[], case='case.csv', control=[], reverse=False, output='output_case.csv', ref='', DMS='', test=False, fit=False, train=False, time=10, noHMM=True, grid=False, core=5, iparam='default_parameters.txt', oparam=None, mu=1.0, sigma=0.2, rho=0.8, p=0.3, csv=True, fix_mu=False, fix_sigma=False, fix_trans=False, random=False, start=-1, end=0, idr=True, sample_size=-1, inde=False, each=False, print_keys=False, key_files=[], threshold=nan, ratio=False, debug=False)
# Reading  case.csv
# Header Index(['sample_A', 'sample_B'], dtype='object')
      sample_A   sample_B
gene                     
0     5.942026   9.258713
1     4.375271   9.559976
2     5.336131  10.865068
3     3.718109   8.093338
4     5.155886  10.085152
...        ...        ...
995   5.668469  10.181031
996   5.907595  11.062978
997   5.645716   9.341928
998   6.137506  12.992239
999   3.609767  10.083893

[1000 rows x 2 columns]
# CSV data --
# row(genes) : [0, 1, 2, 3, 4, 5, 6, 7, 8, 9, 10, 11, 12, 13, 14, 15, 16, 17, 18, 19, 20, 21, 22, 23, 24, 25, 26, 27, 28, 29, 30, 31, 32, 33, 34, 35, 36, 37, 38, 39, 40, 41, 42, 43, 44, 45, 46, 47, 48, 49, 50, 51, 52, 53, 54, 55, 56, 57, 58, 59, 60, 61, 62, 63, 64, 65, 66, 67, 68, 69, 70, 71, 72, 73, 74, 75, 76, 77, 78, 79, 80, 81, 82, 83, 84, 85, 86, 87, 88, 89, 90, 91, 92, 93, 94, 95, 96, 97, 98, 99, 100, 101, 102, 103, 104, 105, 106, 107, 108, 109, 110, 111, 112, 113, 114, 115, 116, 117, 118, 119, 120, 121, 122, 123, 124, 125, 126, 127, 128, 129, 130, 131, 132, 133, 134, 135, 136, 137, 138, 139, 140, 141, 142, 143, 144, 145, 146, 147, 148, 149, 150, 151, 152, 153, 154, 155, 156, 157, 158, 159, 160, 161, 162, 163, 164, 165, 166, 167, 168, 169, 170, 171, 172, 173, 174, 175, 176, 177, 178, 179, 180, 181, 182, 183, 184, 185, 186, 187, 188, 189, 190, 191, 192, 193, 194, 195, 196, 197, 198, 199, 200, 201, 202, 203, 204, 205, 206, 207, 208, 209, 210, 211, 212, 213, 214, 215, 216, 217, 218, 219, 220, 221, 222, 223, 224, 225, 226, 227, 228, 229, 230, 231, 232, 233, 234, 235, 236, 237, 238, 239, 240, 241, 242, 243, 244, 245, 246, 247, 248, 249, 250, 251, 252, 253, 254, 255, 256, 257, 258, 259, 260, 261, 262, 263, 264, 265, 266, 267, 268, 269, 270, 271, 272, 273, 274, 275, 276, 277, 278, 279, 280, 281, 282, 283, 284, 285, 286, 287, 288, 289, 290, 291, 292, 293, 294, 295, 296, 297, 298, 299, 300, 301, 302, 303, 304, 305, 306, 307, 308, 309, 310, 311, 312, 313, 314, 315, 316, 317, 318, 319, 320, 321, 322, 323, 324, 325, 326, 327, 328, 329, 330, 331, 332, 333, 334, 335, 336, 337, 338, 339, 340, 341, 342, 343, 344, 345, 346, 347, 348, 349, 350, 351, 352, 353, 354, 355, 356, 357, 358, 359, 360, 361, 362, 363, 364, 365, 366, 367, 368, 369, 370, 371, 372, 373, 374, 375, 376, 377, 378, 379, 380, 381, 382, 383, 384, 385, 386, 387, 388, 389, 390, 391, 392, 393, 394, 395, 396, 397, 398, 399, 400, 401, 402, 403, 404, 405, 406, 407, 408, 409, 410, 411, 412, 413, 414, 415, 416, 417, 418, 419, 420, 421, 422, 423, 424, 425, 426, 427, 428, 429, 430, 431, 432, 433, 434, 435, 436, 437, 438, 439, 440, 441, 442, 443, 444, 445, 446, 447, 448, 449, 450, 451, 452, 453, 454, 455, 456, 457, 458, 459, 460, 461, 462, 463, 464, 465, 466, 467, 468, 469, 470, 471, 472, 473, 474, 475, 476, 477, 478, 479, 480, 481, 482, 483, 484, 485, 486, 487, 488, 489, 490, 491, 492, 493, 494, 495, 496, 497, 498, 499, 500, 501, 502, 503, 504, 505, 506, 507, 508, 509, 510, 511, 512, 513, 514, 515, 516, 517, 518, 519, 520, 521, 522, 523, 524, 525, 526, 527, 528, 529, 530, 531, 532, 533, 534, 535, 536, 537, 538, 539, 540, 541, 542, 543, 544, 545, 546, 547, 548, 549, 550, 551, 552, 553, 554, 555, 556, 557, 558, 559, 560, 561, 562, 563, 564, 565, 566, 567, 568, 569, 570, 571, 572, 573, 574, 575, 576, 577, 578, 579, 580, 581, 582, 583, 584, 585, 586, 587, 588, 589, 590, 591, 592, 593, 594, 595, 596, 597, 598, 599, 600, 601, 602, 603, 604, 605, 606, 607, 608, 609, 610, 611, 612, 613, 614, 615, 616, 617, 618, 619, 620, 621, 622, 623, 624, 625, 626, 627, 628, 629, 630, 631, 632, 633, 634, 635, 636, 637, 638, 639, 640, 641, 642, 643, 644, 645, 646, 647, 648, 649, 650, 651, 652, 653, 654, 655, 656, 657, 658, 659, 660, 661, 662, 663, 664, 665, 666, 667, 668, 669, 670, 671, 672, 673, 674, 675, 676, 677, 678, 679, 680, 681, 682, 683, 684, 685, 686, 687, 688, 689, 690, 691, 692, 693, 694, 695, 696, 697, 698, 699, 700, 701, 702, 703, 704, 705, 706, 707, 708, 709, 710, 711, 712, 713, 714, 715, 716, 717, 718, 719, 720, 721, 722, 723, 724, 725, 726, 727, 728, 729, 730, 731, 732, 733, 734, 735, 736, 737, 738, 739, 740, 741, 742, 743, 744, 745, 746, 747, 748, 749, 750, 751, 752, 753, 754, 755, 756, 757, 758, 759, 760, 761, 762, 763, 764, 765, 766, 767, 768, 769, 770, 771, 772, 773, 774, 775, 776, 777, 778, 779, 780, 781, 782, 783, 784, 785, 786, 787, 788, 789, 790, 791, 792, 793, 794, 795, 796, 797, 798, 799, 800, 801, 802, 803, 804, 805, 806, 807, 808, 809, 810, 811, 812, 813, 814, 815, 816, 817, 818, 819, 820, 821, 822, 823, 824, 825, 826, 827, 828, 829, 830, 831, 832, 833, 834, 835, 836, 837, 838, 839, 840, 841, 842, 843, 844, 845, 846, 847, 848, 849, 850, 851, 852, 853, 854, 855, 856, 857, 858, 859, 860, 861, 862, 863, 864, 865, 866, 867, 868, 869, 870, 871, 872, 873, 874, 875, 876, 877, 878, 879, 880, 881, 882, 883, 884, 885, 886, 887, 888, 889, 890, 891, 892, 893, 894, 895, 896, 897, 898, 899, 900, 901, 902, 903, 904, 905, 906, 907, 908, 909, 910, 911, 912, 913, 914, 915, 916, 917, 918, 919, 920, 921, 922, 923, 924, 925, 926, 927, 928, 929, 930, 931, 932, 933, 934, 935, 936, 937, 938, 939, 940, 941, 942, 943, 944, 945, 946, 947, 948, 949, 950, 951, 952, 953, 954, 955, 956, 957, 958, 959, 960, 961, 962, 963, 964, 965, 966, 967, 968, 969, 970, 971, 972, 973, 974, 975, 976, 977, 978, 979, 980, 981, 982, 983, 984, 985, 986, 987, 988, 989, 990, 991, 992, 993, 994, 995, 996, 997, 998, 999]
# column(samples): ['sample_A', 'sample_B']
transcript
[[{'\x00': [0], 'transcript': [5.942025704237972, 4.375270648186281, 5.336130985353174, 3.7181089999694503, 5.155886316039668, 4.082807800118181, 4.417618632257812, 5.667972379004968, 3.8082762120522937, 5.74250496827484, 4.855532750390343, 3.1813052473038503, 4.905173830006864, 5.110997008608283, 6.352186215094493, 6.286751449032552, 4.9362482254371285, 4.716300029848337, 6.408410274427861, 4.670254887701241, 5.829757792771389, 3.173345078920175, 4.395718624409394, 4.6411876404405525, 3.12174146791138, 6.460333605052366, 5.691445646102887, 4.6634112200202615, 5.4083838824822505, 3.643596744671872, 3.7642573375326513, 3.816652516063052, 4.178717455797774, 6.423528156193484, 5.681665879360909, 4.7120813809944, 5.393132233299175, 7.628729075377603, 2.99963343329206, 4.631293927887047, 5.97869506069481, 6.110896496900589, 6.562880703169411, 6.51305442526255, 4.352288192833482, 5.218024181672999, 5.943183569622829, 5.528824325701795, 4.9296221517078855, 4.045803898975212, 5.472436353442747, 4.082420513502308, 4.970208664156396, 3.662713723604989, 3.9746683221458743, 5.712112647553082, 4.512912645207479, 5.0111089974710445, 7.026128509844438, 4.203603765566697, 4.042626648888375, 6.474609559013375, 3.73561806004424, 5.572167750834762, 4.588645554629806, 6.022586024499462, 4.546397946501736, 3.522420584493452, 4.435577820762043, 4.599378415879709, 6.577024203004989, 3.3603028064322977, 4.590090019641261, 6.191248524232625, 4.556718293835716, 4.487374865689656, 5.067191005994925, 6.278325787767502, 5.20048060384075, 6.750786841362142, 4.554589195506919, 3.796072521205853, 4.37582730715291, 6.339731949793895, 6.003516588710947, 4.811745476092004, 5.304163813246772, 2.953881804303956, 4.188701739889634, 3.936501091380056, 1.8810989490379524, 5.6192590842334855, 5.342618783265244, 4.523934857443762, 6.659065996764337, 5.865314235037847, 6.563772421486378, 4.224303109511848, 3.2890307416572573, 5.709965932733045, 5.005017405459364, 4.057372417426392, 4.5672683000028105, 4.562651616537092, 4.035422766868901, 4.283490636009063, 4.189196813278627, 6.762289915421084, 6.1215887720934505, 4.5492524581635525, 4.670359494411873, 5.303902138540179, 4.464572036250318, 4.9367838438419325, 5.051159512601363, 7.053968731480696, 6.955154579442676, 2.966327745231128, 5.351315644376192, 5.895942723992283, 4.458247571523315, 4.881749483377028, 3.9876273755473566, 5.44110728432862, 8.367438201007353, 4.04448835296048, 4.43895846478596, 2.2641342770952058, 3.31490529863264, 5.351366583229959, 3.118310236443783, 5.956211474132328, 4.965631208794045, 4.379901930882549, 3.243098818380622, 3.818935357101204, 7.053010206520247, 6.402620153357293, 4.694807856833832, 5.4458640813911, 4.02582266006946, 8.341493629051072, 4.25349908444269, 3.2456646927897377, 3.9535030698954223, 4.059763958174514, 4.869660406013083, 5.970363116341113, 3.622250531592044, 5.9135986159047205, 4.119655046423062, 3.5990355414680275, 4.3544063641447766, 4.255208678137886, 5.103217133514904, 6.757107865011934, 5.384208788126053, 3.660192958045761, 5.938839610642709, 5.324132109672781, 6.422240177020772, 3.841883058326198, 3.402720512669413, 3.834750361166328, 6.040010503311253, 4.85194963130468, 5.33538334982069, 5.741990779579099, 5.760402818763037, 3.76089374354551, 5.810764629062926, 3.911160061217985, 5.457064307168426, 4.107866758282728, 4.194606092690737, 5.56790465729543, 3.933872924662968, 7.27357190259518, 3.911830527842642, 4.102457450278849, 5.068314813839412, 5.586202092686856, 5.496832546824876, 4.932846250058438, 5.292789460684179, 5.748290200594727, 4.404942580615966, 4.613508503799337, 5.023947397567956, 5.0418250294449205, 5.902956582661725, 5.09866758107726, 3.071209300729633, 4.316063120365507, 5.642301138860746, 5.4183523892076, 6.552398180971943, 6.988002560107178, 4.763764990147962, 4.198247519194025, 4.324359645244159, 3.993051394457893, 2.7295388142355983, 2.609668548993123, 4.099163035277382, 4.835782950019237, 5.75050996122269, 5.249352437483856, 5.158786529423275, 7.032046413875957, 3.0920796612967685, 3.1750629853471923, 5.586322373253236, 4.537222953847341, 4.428482258398894, 4.091778368145687, 4.02709492827484, 5.651107180984276, 4.792879680228317, 4.095847594431577, 3.1537184226356567, 6.296311674464743, 6.145751672774345, 6.442962657567037, 3.735983517861428, 5.797426709091119, 4.670746181211996, 4.343943561921633, 6.414174080496667, 5.57368154121292, 5.626508998506412, 4.92570454124761, 3.8585829245040193, 3.810192986039543, 5.340903971203513, 3.512347580646403, 6.556127744810427, 5.962388493428744, 3.858085997000696, 5.783969070082287, 5.2412019516333554, 6.579768024895788, 4.314488356669695, 4.328800239945051, 5.6993631987547415, 5.197620286946253, 5.203311286615134, 5.66537917671069, 5.324106713626892, 7.050040767786271, 4.890311084993149, 4.323474948873249, 6.040945187477597, 4.391805716670157, 7.042460187032088, 4.138801926362857, 4.542796381389435, 4.690449277167769, 6.094391935164223, 4.551254746879146, 4.758090725204725, 5.707078296819374, 5.655543722733449, 4.890149278829818, 5.358689376288135, 3.998059633911187, 5.506124480694264, 4.749339487638797, 5.906011408780409, 4.764910792092461, 4.793922964286732, 5.191524879295241, 5.78172506795301, 5.612165427724605, 4.460855361608513, 4.268587504763884, 3.673770064780567, 3.871527750602362, 5.021279637767263, 5.153466259494362, 6.352293916656146, 4.764594456960081, 4.752114050900655, 5.659553700837232, 4.183553343905022, 5.869852052201329, 5.074834890926865, 5.602162705032846, 6.710719052674599, 4.174412851345675, 3.754881858541953, 3.241401416890501, 4.398586483523943, 3.584433985902634, 5.351275244986649, 5.648672306563028, 3.9629588610177153, 5.96498180672463, 4.109261146799147, 5.338318509265298, 6.514066208570807, 6.727139995510145, 6.615298065410727, 5.040056430757683, 5.99654701456941, 4.900076927710523, 5.098709566962679, 5.484802981064059, 5.42081462517794, 4.417579787417253, 5.90114381691089, 7.222262590244494, 6.407276860431998, 4.31933523532023, 3.4226621810743176, 5.61287915564066, 5.378296083475765, 4.873758320172974, 4.629411745557799, 1.9733441994764904, 6.876330476812335, 5.204485480103447, 6.039546669062126, 5.993064351862515, 5.263846981496347, 4.838744238395096, 7.0823090324487925, 3.679292659928577, 5.724756217114189, 4.617246369400613, 5.172980197630747, 5.534599148954706, 5.958866264769279, 5.903226833572646, 6.488004087171204, 4.608129798681079, 4.972099266247492, 5.547949779516535, 5.434357659328665, 3.459478103199489, 4.191043713113558, 3.710198123225684, 4.2386514896237335, 4.829988394241573, 5.373304511895709, 3.845638575539776, 5.226666004664144, 7.081680533960644, 2.7607635635006185, 4.385792136335836, 3.867409620261074, 3.116140596204766, 5.81388728417665, 4.8028807358220265, 4.692845122063189, 5.464058780454268, 4.642302284065299, 5.455374017468343, 6.590631733952261, 6.289390110439879, 3.5663533413340844, 6.526861852203151, 4.796653680488912, 4.824262413212549, 5.43414873577593, 4.876300804947763, 6.987744614046264, 3.878776951529544, 6.624959039763856, 4.134956621203554, 4.5007986593907, 5.156522689603805, 5.079749460157891, 4.523099338585809, 4.421203079540129, 5.026686716894519, 4.843437369845828, 6.454015412807651, 4.21530446006001, 6.678949626417518, 6.103483800232253, 4.8187555777671705, 5.984392890614656, 6.165677553026531, 4.288398956774765, 5.010890803579976, 5.2243078134228425, 6.385194267581163, 4.092591128372916, 5.779027053843274, 5.076027662831427, 4.749712926584693, 4.526683427166665, 4.740698507648592, 5.019262376207903, 5.863761299624963, 6.461384575245056, 4.713723045227914, 5.309000907108139, 5.8060544784298544, 4.090227118452266, 4.4992790227533845, 5.764114359813553, 5.167606593677826, 4.538821215236115, 3.870509521143204, 6.339738411075098, 4.951566760601239, 5.975012477183143, 3.9209127935741295, 4.961082743892899, 5.738758648540745, 4.867618272078019, 4.790955027584712, 4.681382111999593, 4.540420335532183, 4.448282073469928, 4.737784958106031, 4.393591368127662, 5.507291302801729, 6.366815418197387, 4.090093979548055, 4.540068091021487, 4.113895719536327, 4.881277717440044, 3.572764289331652, 4.33556860997434, 4.753613676211471, 3.631176786308684, 3.066769801788084, 4.05915425310695, 5.867332764559765, 5.030851909016673, 4.258533413066779, 4.45841744208317, 5.190831814948203, 4.664019829030363, 4.156729403597813, 2.7566806790024407, 5.736563067124632, 3.29814067406534, 4.0406617321935165, 5.806667830120162, 3.727813820757456, 3.833914168976416, 5.773334486063819, 4.802637156778743, 4.06897662518385, 5.923313058946429, 4.922532711945803, 5.70646708490211, 5.035661025787201, 3.470369437952868, 4.588007392319062, 4.084641483637469, 3.1354160852183863, 4.6786451296558615, 4.668021691554243, 5.883269103154435, 4.526152078419647, 5.373057851207942, 5.044298048938274, 5.647727823132276, 6.070807099138832, 7.116709603455517, 3.962987888900888, 5.895644137077383, 4.584498037934045, 6.3430199291035, 5.389637493231436, 6.395765823581911, 4.223110270716445, 6.114538681797543, 5.043999963073873, 4.379898960699926, 6.299845874738261, 4.875982917171196, 4.5571836658801965, 5.378512713289515, 4.375604637844882, 4.185609117650042, 4.759518835718891, 3.344728339700703, 3.334293966214099, 6.24201872195834, 4.670289312978676, 6.2113065038809845, 5.417613142023583, 3.962593999764336, 6.238653425643048, 3.872218167905989, 6.118399447417642, 4.981022797160819, 3.9789285010301687, 6.722886188491513, 4.386803395142832, 5.154503257547552, 3.9923624415626455, 4.383576195981927, 4.427523000749003, 5.382462219992188, 5.312112691323323, 3.0976119529867696, 5.410864797991651, 6.116222528615474, 4.382526919097879, 3.644750511099802, 4.127145772507845, 5.387131877040188, 4.159062740828562, 5.282690726915707, 6.077660428487114, 5.14599002224508, 4.628620770264783, 3.5586969830690456, 6.464683876085827, 6.570695535151509, 2.778634540968953, 4.479453005746303, 3.8384355967213217, 4.871333669508056, 5.681222160177398, 5.028601452026644, 6.281030445009646, 4.54544499672052, 5.76675302990178, 5.097042937619223, 4.16689950916279, 5.489335457331233, 5.462027346450287, 4.186316416694118, 6.693198030462101, 5.080502611752316, 5.433420919036761, 6.399827230063437, 5.571956218327754, 5.571214244190447, 2.477446628198667, 2.160928611694158, 4.477165263153979, 5.26225988939336, 6.119249999179541, 5.560191587462525, 4.190758926915763, 3.1808655395031336, 3.839255645324842, 4.359466089543958, 4.858174010828502, 3.628216578025325, 5.690042129232868, 4.530176298241534, 5.508473801103793, 4.738393036832656, 4.460625408010779, 4.3389886162331965, 5.561684518197723, 4.6920337931285685, 4.964406080338405, 4.938942542081069, 4.810768584273272, 4.790258428856836, 6.048438769825732, 6.519129241374927, 5.771755465618197, 4.085029168905495, 7.431930117890896, 4.366804359770957, 4.257535489294191, 4.775987831079847, 2.7167581192044423, 6.390760332808249, 2.955363439864982, 5.028078308869231, 4.356609460910754, 5.200127774763456, 5.801771035259506, 4.383769751778441, 5.438206107457462, 5.304232880101939, 5.411209951687005, 4.587794216302652, 4.960997060977073, 4.7171829018632, 4.848741582003422, 4.888594689775458, 4.496165961998424, 5.55048170399632, 4.014219487979598, 4.795869617786525, 5.303983056008123, 5.080728521803419, 6.653577587190632, 4.107712335488989, 4.942863737047774, 4.982316832480089, 4.865971589778636, 5.824157085975782, 3.3134297744037555, 4.070978637415716, 4.4674414308505765, 5.908110257820521, 6.700458950687914, 4.344074133889171, 3.547962127683544, 5.77654186988272, 5.1691400895463575, 5.235900753015867, 5.97173720422885, 3.886909143068472, 3.981717820219192, 5.695285726431574, 7.442532944041431, 5.961060039087584, 4.1812234883573485, 5.212279412575604, 4.767367616596504, 4.76733009227273, 6.604734851184505, 4.171953204262324, 4.562867551952602, 4.58973493051194, 5.02942302281227, 4.963729974145197, 6.56875867566516, 5.8979220305473605, 3.881930884427522, 3.268038450208336, 5.03847409052719, 4.334495009434228, 5.739519434298192, 4.62399896999142, 5.295051646083667, 6.28954055555806, 3.2925330302263403, 4.362196072581253, 2.583230881095412, 4.903176843443631, 5.267724400856282, 5.892173256904364, 2.7966203234635945, 3.895740236495557, 4.71324926598313, 4.132481224830853, 6.784563210737107, 4.59421328331669, 6.275572711087917, 5.491242890776376, 5.673671020470109, 5.910188580927993, 4.305595380162682, 6.443695943336842, 5.436151677799455, 3.804512509851548, 5.342842200325044, 4.6799909875150725, 4.128817862088315, 5.53560943639082, 3.24282582334774, 4.277380228115471, 4.908542631790429, 4.19175322781814, 3.582169101924458, 4.214106242265086, 3.887306021817752, 4.480671311929546, 6.040458734128131, 4.97292579489391, 5.9764962592326425, 4.908998876857535, 4.874158229250003, 3.7776701353610336, 2.911633463126623, 4.547771655874763, 4.160235619935601, 6.170485610214604, 5.394980999385203, 4.831211022885413, 4.226338489084746, 5.196981263289547, 4.926415845127603, 6.939381407680323, 5.867410253615419, 4.302610293122588, 4.882444316108102, 4.141766603069383, 4.034125848704445, 5.5467727022075, 6.567585782644892, 3.7654054444140903, 5.258846405624509, 4.160988080451049, 5.690763710463488, 4.429719421742723, 4.335775442671987, 3.5587747171785487, 6.296308673430923, 5.4120131251998265, 5.067502734079863, 6.310757322936087, 5.057114111264126, 5.25894935365917, 4.796863850910452, 5.323972095127027, 5.0204981620386615, 5.764729902818536, 6.558100022272697, 3.661069916955584, 5.197738434606428, 4.00513329562921, 1.7667084619289768, 4.331258974238929, 6.996389128869514, 6.356417402009439, 5.032859972588167, 3.9302689150513768, 5.809360832117209, 4.0614057120857465, 5.7453401337071845, 6.357564930500235, 5.80088941194174, 3.310193698465252, 4.876077731796615, 4.449223738336488, 3.982655157572344, 4.935781472391795, 4.545157273465718, 5.711532527023582, 4.629753121320881, 4.615289461115229, 4.209962878582973, 5.201781264353882, 4.668772163704526, 4.720484548186954, 5.088852545641577, 4.289794161573598, 1.3309858947386966, 4.213503848778485, 2.8197102485579304, 4.596298600933912, 5.644145829524875, 5.353282604529198, 3.043208854268173, 3.4559182817207548, 5.262783488171356, 3.625922985569022, 5.830799631105689, 4.5246408031171885, 5.270212152886611, 5.150735079094496, 5.8123420401478505, 6.201232476514592, 3.308001936360082, 4.728203232583665, 5.357012819960222, 4.584730850768888, 4.2329087769538605, 3.554144153579428, 3.0275925387799605, 4.8453231212602565, 4.822236503644596, 5.099601349395149, 3.822106826558601, 5.900151173553269, 6.895816794319472, 5.249091009198025, 5.348090423563897, 4.262417240052184, 6.362750550723316, 5.528708775889941, 5.518709155880417, 6.258998784953048, 5.841626583116816, 5.7917981243559815, 3.8181077006509367, 5.789100379560868, 4.326293800144415, 5.16305515807288, 5.549294564926859, 4.2026237242932805, 3.442791388535104, 4.436199997580398, 5.529716039044588, 6.599086398914392, 5.524920632357244, 5.593902413455433, 4.388336348342351, 5.220710224150595, 4.1970763624462535, 5.918497074969486, 7.0594490483880765, 4.119060590451081, 5.455947260358808, 2.3206881631448018, 5.657102529458202, 4.4758609931081335, 4.72384055447778, 3.5682686097165104, 4.714456940561688, 7.165497283242919, 3.882562681334552, 4.991215753099685, 4.199119842221066, 4.717998878206497, 5.132363125095226, 4.019048317213085, 3.73381599359469, 3.216500879722621, 3.142691431619154, 6.136373947210185, 5.536786277328233, 5.33344160002477, 3.975454921256155, 5.2773642310765485, 3.7125488772567863, 4.454571794009921, 4.770674511002801, 5.617018516154676, 4.418837800722303, 5.049382373418187, 7.005571012208142, 4.751532551886009, 5.674353878715855, 5.359315456058938, 5.34485986554002, 5.078075898242592, 5.577213314863888, 5.370642034490485, 4.827316725992016, 4.93804447423893, 5.107266265290052, 4.894775459836825, 7.03790914575001, 5.120502296877767, 5.1083319755387055, 5.008278346245377, 5.303737700866112, 5.032649713129888, 4.6477370945789644, 4.0937727654639815, 6.14063874160827, 5.023981069410674, 5.875017330908236, 4.983746108136302, 4.8526723753470895, 5.70434252210608, 3.5762089612139034, 7.011215636614635, 4.01207117249482, 6.1777503004538366, 6.082879102992968, 3.600209803605045, 4.56177921397008, 3.509436936006754, 6.830316044030002, 5.8149787283774135, 5.243870979067044, 6.1097962104340695, 3.447785132178524, 4.875780937664116, 5.391546631081778, 5.248160591955825, 4.01999673176856, 5.536124163311127, 3.473224021784112, 5.064934536659672, 5.253702804969144, 4.683913066237313, 6.627728488704607, 3.832450216629443, 4.813676970426173, 4.825190872911058, 4.594981389348908, 5.280022053877223, 4.499450743737686, 5.588631558570431, 4.870533392235672, 3.529292484698326, 4.0494673892077335, 7.263300859575398, 6.047539055430852, 3.5741828511241724, 5.534949489730902, 6.564006915152458, 6.334146729327109, 6.164619796886266, 5.080661624943108, 3.884684159688408, 5.552709783859518, 6.344086163062672, 6.247490674006857, 5.658877761424121, 4.843252478850201, 6.177012414193143, 5.692156683624161, 6.002738811204889, 4.552253865565169, 4.890132254196929, 4.796558361298668, 5.333676157244437, 2.7471064647166443, 4.690962893489516, 5.0703727428753735, 5.472530606508451, 6.293827139134552, 3.799395839253309, 4.2990168714871615, 5.3808984020118364, 3.5301731497442885, 5.468809244532498, 4.972167134544114, 3.1148179264797, 3.820679511204109, 4.928579259706785, 4.99906101769906, 4.887429579510996, 5.10736695624507, 3.5899997606597465, 7.867185353178755, 3.98860058967429, 6.415424370180175, 6.102106849199023, 4.765201155116671, 4.68517081166614, 3.3892820821909595, 6.370834363581728, 4.363179860298351, 5.277285015589624, 6.330273582221288, 4.346158387658658, 5.892440888737498, 4.863305575467717, 4.107658733292611, 6.876442391327729, 4.555152990540299, 3.7241859254052, 5.622616328338738, 5.338147514285966, 3.601873793348153, 5.038507470463715, 2.7363532175307084, 4.637410395473753, 5.593476734808998, 3.6750050995979744, 6.138907466472469, 6.740764065792617, 4.298624917882077, 3.515666575745403, 5.500733096036416, 5.749711498859496, 5.74350960297698, 4.311773720522153, 4.273844793869148, 4.966506685816388, 4.941152253855609, 5.1380303661345605, 6.964773942546989, 3.1003635187370344, 5.579863145148235, 4.13708508949087, 6.521726840630067, 4.611968049623904, 4.722554886553237, 3.053443187780913, 5.315937968122744, 4.538403575710137, 6.970941809164091, 5.319484610266536, 5.536749446037256, 5.165767152487944, 6.5304821080956055, 4.463883793780761, 5.258493759247696, 8.055336803618617, 6.649844210248485, 6.722976376060323, 5.568159279740328, 5.130068537074133, 4.8938567886112105, 4.57260583170096, 4.951418484406903, 6.029872933360421, 5.942256935933278, 2.956760520799251, 5.803653024278274, 5.194876879068481, 5.199338693542647, 2.697755535792662, 3.7279000629578114, 4.448950950754064, 4.7638753934301095, 6.955210779787771, 4.508955846639738, 4.945661383069934, 4.281091384218352, 5.40567768245535, 5.668469391983974, 5.907594671776868, 5.6457156438682485, 6.137505713643213, 3.609767008122589]}, {'\x00': [0], 'transcript': [9.258713004567271, 9.559976207865676, 10.865067673081215, 8.093338458538993, 10.085152360224017, 9.962661606184298, 10.043895652995456, 11.762089266754264, 9.903153019949148, 9.221037818387446, 9.209228312210286, 8.823321745050807, 10.187677746446518, 9.897873934601476, 11.123022969392297, 10.511939395765936, 12.153053052363187, 10.47922113229964, 11.107005376105604, 9.602631890131494, 9.70719850748324, 9.608839592099724, 10.322726099651158, 8.752900346502596, 9.087758958069024, 10.607910002945284, 10.513743272527844, 8.199307389399415, 11.25931117762962, 9.930259041961364, 10.351870833429658, 9.604296382389858, 10.34009243928966, 11.347416382429534, 10.223871590580483, 9.166923183289311, 10.849006555754396, 11.145592770390794, 8.406736019496083, 10.785346772680498, 10.608475914542112, 9.669653404045878, 11.317516380149664, 10.185216678267032, 11.0193646926902, 10.568536729829717, 9.99543379744941, 11.406698924275862, 11.406559562739062, 9.48024614857578, 9.314350805661883, 10.065898482867736, 11.215015001475994, 10.197811875296814, 9.580868527432228, 11.668458362844484, 9.47385202811875, 10.886061295833274, 11.839232408541658, 10.051065710497475, 10.45086585253244, 10.798401346577938, 9.084813601651952, 10.121713324932966, 10.671626910922248, 9.494383044119518, 9.545892343967536, 9.825553006953388, 9.065054689376003, 11.2378430155247, 10.647420533610136, 9.053373887425812, 9.705963020204573, 10.048545793185696, 9.33179059970061, 10.037159081010136, 11.203124172259187, 10.780746733820722, 9.736858503519375, 11.544868333303672, 9.623679452319164, 9.31767654340222, 11.44246483152507, 9.76987827471079, 10.75978238345452, 11.420727189423951, 8.669402712389639, 9.312138420322787, 9.527584793660356, 10.421232050790252, 7.843292600338655, 9.843874432976255, 9.506766412050286, 8.079410090567475, 10.252221739692008, 10.131273709099355, 11.671330194048254, 9.333629445099415, 8.995849888528548, 10.89464225293581, 10.571378088733328, 8.108366276349601, 9.784886011713477, 9.831541261034788, 10.31354622357846, 9.209180166652644, 9.87419858375687, 11.889218408749436, 11.657240577610503, 11.203060296321306, 9.585012249270616, 11.400624103853684, 8.568838661864854, 10.067372860832664, 9.94961162122819, 11.33354246530956, 10.397061957401837, 9.03332020934429, 10.132647480858198, 12.31458248111663, 8.605252013397966, 10.450172780419273, 8.728792241116476, 9.034009516245538, 11.536345315831143, 10.359846197235218, 8.357977866712837, 8.271580911737438, 10.330720867518536, 9.985255716068064, 9.178459228280134, 10.964281111835511, 10.80787707600338, 9.597133441422466, 8.936664845198145, 12.193193877327186, 9.82612032117704, 10.527936678866215, 10.260880958842344, 9.960611066988298, 7.833656562618509, 12.78405455725878, 9.487226370245336, 9.698804144780912, 10.547739705501492, 8.835828376626594, 9.957164271185826, 11.199901525774465, 8.732483959460199, 10.432203535247837, 8.811967584409608, 8.935163393015987, 8.960980842256943, 10.091880498297376, 9.860598089706771, 11.121047812118658, 10.03571212211534, 9.454272165706255, 10.494535340006166, 9.31266181401284, 10.082129943371426, 9.169716015090572, 8.42363127170428, 9.41055843796584, 9.660358847973736, 8.485859888993874, 10.110675908569991, 10.43525084582812, 9.485664444683051, 10.256518031078592, 10.294843302992994, 9.160312485675265, 9.049610189890611, 8.514441854886218, 9.377810451893186, 9.894971897491104, 7.741206975832939, 11.36812834600246, 9.648143635329829, 10.143150062870545, 10.905631747437036, 11.010581414162589, 10.330645208193088, 10.040640041539229, 8.954231225600852, 10.911545230314182, 9.722642195828172, 10.061164603096552, 12.82801393344224, 11.481022354280611, 10.201289999281077, 8.76486733666882, 9.94599278217385, 8.7215941276629, 9.047233720490976, 11.510679849040663, 10.895604506640783, 11.254555323664244, 9.328200858016915, 10.231702209303153, 9.146351002081747, 8.326908099916668, 9.019406097894835, 8.558802338234175, 8.791673563793047, 10.494265903281123, 11.210441382347897, 10.460395815660265, 9.76155082548244, 10.978358808369192, 9.5154559018163, 8.997694651545109, 8.965524093581898, 8.626361685564142, 10.033954457549871, 9.690716836779844, 9.949661590741098, 9.36973696750141, 9.311614072914686, 9.717168425009728, 8.571846562998145, 10.259312518785556, 10.802726767092771, 11.68691041029466, 8.704965350902855, 12.382456487447886, 9.822355259576293, 9.84549716708598, 11.24450763562424, 12.02370053053722, 11.146782638175072, 9.247707552092884, 9.46828767827208, 10.551842584275937, 9.6067179449432, 9.546228556914096, 11.378340900274932, 9.022117884367798, 9.986575157336302, 11.753611485726246, 10.7160106130994, 10.269265894815364, 8.581868368789678, 10.22567523241024, 10.43802674081176, 10.528586017365717, 9.8982326365249, 11.230819595294808, 9.880109605615525, 11.211434051478822, 9.68130529344217, 9.412554101607473, 11.70192055546669, 9.742326732240263, 10.417073826120005, 9.323867923005258, 9.684426700296354, 10.75215458886593, 11.556197763826916, 9.416534098507103, 8.778302281218268, 9.854391843936837, 9.731604297383862, 9.135415844068705, 10.222001344136473, 8.506432239394876, 10.782838112108358, 9.345967304532124, 9.44401514696606, 8.888947187308899, 10.182531130809505, 9.467673524170127, 10.400618413591951, 9.937719093700563, 8.005712415795916, 8.88292663777687, 8.722077692685007, 9.089570878800815, 8.940177340166217, 8.922780497479474, 10.99578247489132, 11.326129267166856, 10.05870339703041, 10.586251477610018, 10.006891551332172, 11.08654393561928, 9.7560511928078, 10.821510078443469, 10.445196492747616, 9.55415178486471, 9.75307455582682, 7.286746723392795, 10.100012356607465, 8.85347689704125, 10.357649528971908, 10.467715527530547, 8.814108871599585, 10.546227566144935, 8.887279477113747, 11.876439170478465, 10.761055270837696, 10.90865434116722, 11.526497288604263, 9.743179108579978, 9.67836171222026, 10.71624864012892, 9.363962194352728, 9.49612226084568, 9.20947618239253, 8.684752149846704, 10.918359008641447, 11.781425941804011, 10.688723103700683, 8.005044567144378, 9.071357554702129, 9.970476172704968, 8.739902715596799, 9.654009826256054, 9.306793180881575, 7.680613443332146, 10.322473896791616, 10.676804428606458, 9.870296193308576, 9.73095231394, 10.154962222274529, 9.919194870036916, 10.291631472057627, 8.673498339385235, 8.575637238970561, 9.821687442315238, 8.962840139567053, 11.388213675391071, 10.542481710945736, 10.763580535556477, 12.334751576321043, 10.522623518569308, 9.208858331757495, 9.740097692752672, 9.076541005716487, 9.959637205345532, 10.085196411820409, 9.461391960733394, 10.06959279921539, 9.822572751462374, 9.515050310470327, 10.671571928432162, 10.098564253710316, 12.5286105546381, 9.000603588581233, 9.756751392676936, 9.819830642598186, 9.065860648169055, 9.916155896083689, 11.666215277323785, 10.128452774689316, 9.340266101002696, 10.173453786567755, 9.554651338162518, 10.135764158538286, 10.873904312638, 10.24031252042697, 8.632753672828509, 10.450528575700831, 9.303392683416094, 9.583740876452564, 10.446853812197377, 12.336626378468578, 10.373584810230817, 10.661637301333696, 10.149867903504772, 10.914575671867563, 9.852421621605696, 10.646026896086973, 9.412994281722431, 9.100859111095923, 9.209845341343232, 9.781987013547164, 11.659428198746092, 9.646140252392753, 11.066959675046098, 10.457742134601853, 12.489804573696684, 10.688877972158211, 9.381945031839235, 9.47794248996454, 10.755502298583384, 9.575450504975842, 10.408938208587053, 11.23478706420592, 9.402165027879168, 11.259785387275508, 9.055324159254871, 10.467244136798785, 10.22226300454871, 9.42871888894437, 10.080850960347798, 11.97606097624749, 9.877257766839303, 10.334370870483228, 11.074352089705917, 10.037727521281676, 10.110263177568784, 11.506841674663844, 9.67591778024294, 10.3328544291984, 10.249300784722946, 11.441289690253278, 10.119513728234391, 10.740420243030066, 10.980452569805069, 10.432223888288725, 11.389914038751217, 9.217841710620274, 8.207573598996628, 10.32862813675355, 9.358380670865674, 9.716719699903429, 9.332179598038946, 9.679593425853966, 10.611845159362096, 12.222018295420328, 9.064833844325449, 10.050131928584666, 10.094235653647637, 9.88597071685774, 8.903167852722138, 11.031874642454524, 9.501750268349864, 9.465867287022862, 9.104056847861813, 9.140315185883956, 7.815845098450492, 9.909558720800476, 8.16372533284896, 9.295403435233132, 10.128893618208927, 7.384270022868831, 10.566182423497096, 8.62217073469149, 9.87507803064163, 9.959793512308474, 9.765603274703002, 10.323239979663333, 9.358767255332346, 10.801825244488104, 10.323589705108416, 10.971776087979023, 10.055650027641608, 11.174481806552064, 8.231184216672201, 10.20533707285347, 8.597682924806948, 10.958296697938868, 9.384147170821006, 9.209566968746254, 8.739164093882469, 9.562238392881268, 9.09493343399924, 11.484251709436734, 9.107355099845082, 10.914543383340382, 10.897016342463708, 10.175962328358066, 9.995006862822413, 11.018812783645666, 11.08574499865784, 9.617280714679644, 9.046710278813505, 11.223579170752132, 10.93561279059898, 10.257672001070343, 10.381316175391127, 12.2670287159508, 9.726381494445388, 10.038352761566829, 10.476861609293708, 11.127450709460003, 9.565892436123836, 10.181339789999836, 10.34933739867702, 7.980657575993408, 10.29782530747554, 8.418403173034164, 8.735723999254377, 10.551570224195569, 10.514499592439552, 9.027382288417204, 10.812449340798972, 10.334237476649117, 12.147605497813144, 9.814853825595389, 10.80650713523223, 10.436731082482726, 9.0896976127991, 10.085230708530345, 9.43213255624293, 9.47107054910902, 10.177313088876256, 10.116279910023133, 9.508960715986587, 10.46840454137078, 8.210360968206178, 8.09845660507884, 10.104440789610411, 10.219764864847322, 10.284322302216063, 7.799766590874005, 9.11890697652641, 9.136554640964658, 9.102425436554784, 9.90285210668743, 9.75148595963825, 9.724789727055422, 9.93998351807848, 9.936381411820268, 9.960210609124385, 11.738471136021186, 8.30625564550455, 9.078420825884296, 9.950313088836282, 10.577719474726228, 10.439736009276013, 8.984057891445186, 11.17710438351251, 10.281486243866173, 10.562512692602732, 9.867932506443584, 9.638062652583969, 10.749601470769944, 8.89109914610031, 8.900467182013891, 9.726393728862671, 9.845062089227602, 9.624295159593592, 11.444098570696628, 12.229819242471525, 9.954343397094004, 8.068820489101524, 8.545261134398014, 10.983220302189716, 10.795267907012434, 10.518404202001804, 10.294425781190853, 9.433221185615926, 10.54987400718253, 9.33332153371238, 9.428669217874468, 10.20895390746363, 9.039077424312914, 10.53245264684818, 9.49102258734391, 8.667021650392723, 10.64040304704675, 9.990209893309617, 10.704014339910447, 10.58978065296431, 11.340017798453056, 11.226142247589056, 10.377430566924891, 9.969984767878332, 10.165071683820292, 10.554544701901118, 11.380208890700615, 10.12655353864985, 9.393876841235643, 12.428549435046431, 10.92703181606152, 9.018167881561522, 9.448242817148577, 8.713907429996379, 11.473588915905108, 9.787600337355288, 9.009173397288814, 8.510667615158065, 8.80839484383845, 10.757133384979973, 10.569970880635651, 9.94714966321007, 10.13497015930647, 11.285244520912658, 10.080366659416793, 9.936953220629938, 10.792083824707593, 11.09572673690745, 11.325675131053131, 10.088149030415044, 11.799423803726112, 11.076150307863008, 8.984404313210423, 8.787873064543858, 9.177555717099631, 9.643211092828082, 9.062030636231889, 10.897053585790491, 9.78784349518822, 10.091351767596054, 11.274934714577402, 8.53033082977522, 10.152306354025187, 9.40284967076423, 9.590189694664454, 10.862012577304554, 9.997698125196196, 9.718330866332272, 9.77306681681277, 11.196227778191172, 11.134929437973907, 9.396133501183224, 8.3362268398166, 8.565487516486364, 10.388049481224238, 12.407968998996685, 10.714791135973964, 11.77445210361617, 10.706043946807942, 9.782431992179172, 10.54531861200924, 10.10392189257889, 9.467639451811042, 11.188022974005513, 9.604179489653005, 11.03182393789451, 9.652767925267618, 10.655415612457572, 10.889951293805598, 8.434232658723662, 10.90769304956886, 10.4695410813279, 8.967294641131716, 10.70858133833062, 8.757385683940306, 12.549010005147016, 11.90521582567572, 8.271394078099254, 9.924159280523927, 8.843645405902203, 10.45572463088305, 10.87273791485724, 11.20633918566748, 9.04090966793952, 9.233352203382491, 10.06011288896239, 10.086457277762957, 12.23987221163868, 9.71667663204962, 12.061925856993676, 9.861430292721934, 10.26980674835936, 10.704004917782296, 10.261666637734384, 9.366422978543664, 9.659672046184038, 8.78587438313971, 10.080766472863868, 8.834979957265102, 9.454046539144455, 8.504947874116006, 11.094016186362564, 11.132468011177895, 9.534591247104895, 10.210957034812226, 8.765905671783678, 9.096550771599452, 8.535553431503505, 9.885976272650542, 10.033671294669093, 11.325132271551954, 9.689121419230192, 11.897234834756388, 10.115615159584388, 9.52422647151235, 9.827500573543372, 9.279478142612003, 8.567962414510365, 9.79138253553068, 9.691218459626125, 10.27332222534901, 9.15681634999801, 9.61452783396266, 9.734358233689816, 10.85903928154222, 9.324852371077458, 8.90573499368168, 10.464988863723349, 8.563356419792898, 8.843396634435877, 10.200907031051836, 11.152657530677036, 9.211694432400622, 11.121166628990276, 10.217627726745132, 9.656191385697024, 9.941861300372429, 9.89187635606418, 9.178221891339948, 10.926686782789297, 8.493882150498814, 9.624991647088631, 10.904423756094772, 8.776976679889177, 9.769428139662578, 10.64362180268822, 10.653572614601616, 10.959366945925211, 10.81220863179844, 10.389041385075014, 8.848617271710399, 9.65557843289582, 8.741721219083503, 9.24515957552386, 9.598581419430737, 11.158912862893084, 9.18646261729813, 9.379849500148836, 9.707252057845372, 9.765617083199494, 9.664015463536018, 11.512047650449192, 8.883028418024645, 9.452693298280057, 8.713096279017305, 9.119257607597024, 10.083449022804812, 8.202608283707672, 10.692159529646682, 9.92070707908213, 11.229616191631392, 9.8797837536907, 10.57322558636479, 9.807453956240618, 9.831134927942632, 9.798100994551552, 9.185780920390014, 9.250853932571406, 7.690599019606202, 8.05892457606473, 8.667036640450762, 8.70782380210232, 8.577573896911261, 10.755814198930702, 10.573831787482332, 9.24770703971971, 9.53147406001277, 10.191859391842142, 9.612331369463444, 10.056529668932887, 9.805127886557315, 10.551821107758052, 7.896189240054478, 9.535969542459153, 7.606745848342893, 8.49107567983284, 10.3238805549172, 11.20058020678855, 8.801812036546686, 9.358989665953745, 9.00753008846183, 9.866196906685625, 9.06201304707849, 8.014630075595779, 11.35109754890106, 8.194552398817471, 9.791362148912611, 10.850188275583518, 11.022134641748604, 9.259745625340669, 8.857122339918694, 10.81308431498955, 10.312812790236602, 9.9795584073311, 11.559849033991837, 10.449166543129737, 10.179321382718037, 10.714894910474497, 12.0501377368589, 12.134959006505673, 10.526519911195312, 9.579785656921311, 10.164514873442888, 10.106896632124096, 8.91971273333729, 10.152754556927178, 10.314424228570214, 9.696825968997931, 9.510579757380691, 10.034071533733671, 10.144487351097007, 9.183548827158734, 9.516498277489664, 11.762695191452895, 9.96745820713859, 10.317382286948895, 10.251845756127247, 11.210579347225986, 10.05637727734831, 9.435764725804866, 9.696899070797052, 11.0595755655041, 10.486682164250274, 8.761622808331012, 9.947927791950464, 9.194946114546887, 10.17887518900211, 10.97198505188324, 11.417994816686477, 7.989926384547052, 8.671367870558388, 8.524807066796598, 10.272804589130535, 10.645583333662962, 10.397863554183514, 8.72208266742345, 10.229816405295088, 9.168673969506155, 8.673635051608553, 10.01708823251396, 9.256857597777948, 10.149266896273833, 9.40438850209102, 10.736272320601469, 8.116164369439712, 10.529407101326177, 9.56932493662308, 10.768372197998255, 9.80599415553155, 10.670916041763093, 9.400393444701882, 10.043578200970398, 9.401511207490415, 9.081672942379235, 9.840968036687755, 11.411885698950146, 9.824057217473394, 10.617255904419128, 10.209043797826096, 11.355914805368778, 10.892729075615344, 10.29640560435015, 7.747259684371233, 10.53394321960147, 10.27252976773966, 9.761290925335969, 10.654079691452395, 11.314401329743442, 11.095821642570453, 8.765882333579546, 8.969691331428395, 9.423853352255882, 11.265006720427728, 10.78593781038289, 9.746026186492118, 9.42376980002752, 8.69316527388803, 11.151546370439425, 11.130941666023933, 9.666471592286364, 9.83871299414614, 10.39747274952476, 9.11801304364965, 9.527868478275565, 9.98321782897913, 9.223370814012716, 9.963031546403132, 9.525007638480764, 9.658355729259606, 8.66826869685574, 9.61547787431777, 9.83134435175652, 9.10748397384691, 9.89703243139351, 9.809607115190284, 10.295694923438088, 9.615829949919917, 8.261429766036926, 9.585183345336407, 9.21441924242333, 8.25928907129289, 8.748773655056567, 10.136733864834396, 11.569228623812233, 7.967983532955276, 11.833654695627713, 10.925955573983307, 11.904187115857836, 10.88627476317174, 10.275709245597744, 9.239323253936025, 10.648667414133993, 11.691312766475232, 11.038520595053342, 9.794480919815465, 9.783315455043544, 10.859487335053933, 11.456595891696884, 9.825188455094889, 9.436272825458325, 9.612301781127094, 10.609971157179544, 11.02915912696916, 9.416571822894436, 8.36915714810722, 9.863445897646956, 10.517124080426944, 10.946305620752105, 8.974956946258446, 10.139164326856768, 10.455673166830548, 10.023576756652211, 10.001599233739844, 10.78997235574574, 8.969290411237052, 8.885412439094942, 9.22222763080192, 9.912425115174642, 10.371921457085875, 10.008557855023586, 8.956551049817527, 11.749462163839592, 10.068243923643417, 11.068554812980189, 9.11762780830848, 11.435171610702437, 8.942604146018247, 9.617515481239035, 10.741871342631072, 9.437186833238298, 8.70811132876544, 10.702896947436177, 11.2124770378804, 10.14623649764369, 9.363684308522156, 10.96603122368613, 11.914712091247514, 11.222822113691429, 9.17244707798074, 11.599548227885144, 11.212851208649344, 9.47807508124855, 10.888761837659503, 8.27090673932715, 11.103020493731488, 10.05903538493724, 9.6312527973867, 10.47170477612944, 12.051592560017614, 8.589176347214929, 8.718206264672904, 10.307804377327674, 10.285824389542256, 10.746826119763249, 8.675244575129526, 9.11384169443816, 9.012048760848757, 9.352253516267162, 9.38908107828408, 12.309355641353465, 9.330747885970146, 10.06162668693744, 8.625277687846259, 10.065156613460514, 9.760947578115312, 9.076466402530816, 9.03748479585845, 11.50318419260027, 10.402674097787765, 11.792313741263335, 11.036631200633051, 9.881803636188051, 10.50948980579863, 11.053716857503776, 9.461627036271585, 10.12391346921213, 10.387664455143454, 9.99660638840451, 9.593278406434584, 11.30834532492674, 8.899552123897633, 9.66906360353345, 8.775284717369772, 9.833275494507411, 10.595198761506149, 10.672777555993624, 9.905500321917025, 10.739404363491628, 9.90176427006001, 11.012584737755528, 7.973868875771787, 9.249008082909068, 11.054978508251397, 10.35882694214399, 10.97308919094953, 9.43647476459408, 11.43268753665253, 9.161909177973254, 10.72785079893008, 10.181031140726756, 11.062977803537333, 9.341928229265292, 12.992239497243537, 10.083893212671864]}]]
No reference information for unsupervised learning
Dataset--------
	Length of each transcript: [0, 1000]
	Unmappable sites: [0, 1000]
Transcript--
['\x00', 'transcript']
Error? not optimized -2652.4358656598097 <- -2648.6585158780863
Initial: Grid search. [0.99010975 0.77568779 0.61973836 0.31088051] -2836.901986702892 -2687.006534290986 (best_theta,new_lhd,cur_lhd)
Time check: start 1744905733.1049888 1744905733.10499 (process,time,clock)
Settings--------
	Hidden class: 2
	Mode: IDR-HMM
	Repeat: -1
	Skip start-end: -1 0
	Max length setting: -1
	Reference file: 
	Output file: noHMM_output_case.csv
First copula parameters:
[[1.0, 0.2, 0.8, 0.3]]
Default transition_param:
[[np.float64(0.7), np.float64(0.3)], [np.float64(0.3), np.float64(0.7)]]
Time check: global 1.730926275253296 1.7309250831604004 (process,time,clock)
Memory check: 137715712 (bytes)
